500
228 2719 3249 1600 3501 694 6076 3211 7086 4136 7480 6258 8994 2962 2240 5715
0 883 9791 1600 3501 9067 8460 7086 5972 4136 1590 4558 2491 2962 5880
3 6253 3249 9791 3501 694 1319 9067 7086 4136 1590 4558 9885 2491 6611 6258 2962
4 8216 1600 3501 694 1319 9067 8460 7086 5972 4558 9885 6258 2013 4326 4728 8994 2962 2240 5715 79
8 488 3249 9791 1600 3501 694 1319 9067 8460 7086 4136 4558 9885 7321
9 5195 9791 1600 3501 694 1319 9067 6076 7086 4558 9885 5584 2858 6258 2962
10 3787 1600 3501 694 9067 6076 8460 3211 7086 9885 2491 2858 2962 5715 2240
11 6953 3249 1600 3501 1319 9067 3211 7086 7480 4558 9885 8646 5584 7321 2491 7044 9376 6611 6258 2013 4326 4985 8994 2962 259
12 4622 3249 1600 694 7086 4136 1590 4558 9885 8646 5584 7321 4225 2491 2858 7044 1649 6258 5880
15 4380 3249 1600 3501 694 1319 9067 6076 7086 7480 4558 2491 7044 6258 2962 2240 5715 79
16 1577 3249 9791 3501 9067 6076 8460 7086 5972 4136 7480 2962
18 7846 1600 694 1319 9067 3211 7086 4136 7480 4558 5584 7321 2491 6611 6258 5880 8994 2962 2240 5715 1668
20 4216 1600 694 9067 6076 7086 5972 4136 1590 4558 2491 2858 6258 2962
21 6765 3249 1600 3501 694 1319 9067 6076 8460 7086 4136 4558 9885 7321 6258 4326 2962
26 6467 3249 9791 1600 3501 694 6076 8460 7086 4136 1590 9885 5584 2491 6258 2962
27 1602 3249 1600 3501 694 9067 8460 3211 7086 4136 4558 2491 2858 6258 5880 1343 4326 8994 2962 2240 5715 3074 427
29 1494 3249 9791 1600 3501 694 1319 9067 8460 7086 4558 9885 5584 2491 5880
31 8428 9791 1600 3501 694 6076 3211 7086 4136 1590 5584 6258 5880 2962
32 9856 3249 9791 1600 3501 694 9067 8460 3211 7086 4558 2491 6258 5880 1343 8994 2962 2240 5715 79
35 6959 3249 9791 1600 3501 694 9067 8460 3211 7086 4558 5584 6258 4326
37 499 3249 1600 3501 694 1319 9067 6076 3211 7086 7480 4558 2491 2858 6258 5880 4326 4985 2962 2240
38 8175 9791 1600 694 1319 9067 8460 3211 7086 4136 2491 2962
39 4291 9791 1600 3501 694 9067 8460 3211 7086 4558 2491 2858 6258 5880 1343 8994 2962
42 6693 3249 1600 694 1319 9067 8460 7086 4136 9885 5584 7321 9388 2858 6258 5880 8994 2962
45 1992 3249 9791 1600 3501 694 1319 9067 6076 8460 7086 4558 9885 2491 2858 6611 5880 2962
47 3150 9791 1600 1319 9067 3211 7086 5972 4136 4558 5584 2491 2858 6258 1343 4326
48 4987 9791 1600 3501 694 9067 8460 3211 7086 4558 7321 2858 6258 8994
49 7986 3249 9791 1600 3501 694 1319 9067 8460 7086 4136 2858 8994 2962 5715
50 719 3249 1600 1319 9067 7086 5972 4136 1590 7480 4558 8646 5584 6258 5880 1343 8994 2962
51 1711 3249 9791 1600 3501 694 1319 9067 6076 8460 7086 7480 4558 9885 5880 2962
53 2676 3249 9791 1600 3501 694 9067 7086 5972 4136 4558 9885 2491 2858 7044 6611 6258 2962 5715
55 9863 3249 9791 1600 694 9067 7086 4136 7480 8646 7321 6258 5880 2013 8994 2240 5715 2962 79
57 6535 1600 3501 694 9067 6076 7086 4136 4558 9885 2491 7044 6258 5880 4326
497 9711 3249 9791 1600 3501 1319 9067 6076 8460 3211 7086 7480 4558 7044
60 644 3249 9791 1600 3501 694 9067 6076 8460 3211 4558 9885 2491 2858 6258 847 5880 2013 4326
61 5611 3249 9791 694 1319 9067 6076 8460 3211 7086 7480 4558 2491 2858 6611 6258 8994
62 1649 3249 9791 1600 3501 694 1319 9067 8460 7086 4136 7480 4558 8994 2962
63 1960 3249 9791 1600 3501 694 1319 9067 6076 8460 7086 4558 9885 2491 7044 6258 847 5880
66 3591 9791 1600 3501 694 9067 8460 3211 7086 4558 9885 6258 5880 4326 2962
67 8872 9791 3501 694 9067 6076 7086 5972 7480 4558 6258 5880 8994 2962 2240 427
68 2276 3249 1600 9067 6076 3211 7086 4136 7480 4558 9885 7321 2491 7044 5880
70 8467 3249 9791 1600 3501 694 9067 6076 8460 7086 9885 2491 7044 3723 6258
71 1879 3249 9791 1600 3501 694 8460 3211 7086 5972 7480 4558 2491 7044 8994
72 7765 3249 1600 3501 694 9067 8460 3211 7086 5972 4558 9885 6611 8994 2962 5715
73 1180 3249 1600 3501 694 1319 6076 7086 4136 1590 9885 2491 5880 1343 4326 8994
74 4855 3249 1600 3501 694 1319 6076 7086 4136 1590 7480 4558 9885 7321 2491 2858 7044 3926 6258 8994
76 286 3249 9791 1600 694 9067 8460 7086 5972 4136 7480 4558 2491 6258 5880 1343 8994 2962 2240
78 2070 3249 1600 3501 694 9067 6076 3211 7086 5972 5880 2962
80 3018 9791 3501 694 1319 9067 7086 4136 1590 4225 6258 5880 4326
82 9583 3249 9791 1600 3501 694 1319 6076 7086 4136 4558 9885 8646 5584 2858 6258 8994 2962 2240 3074
83 3079 3249 1600 3501 694 1319 8460 3211 7086 5972 4136 7480 2491 6258 2962 5715
84 3119 9791 1600 3501 694 1319 9067 8460 4136 1590 7480 2858 6258 847 5880 4326 8994 2962
85 6877 3249 1600 3501 694 1319 9067 8460 7086 4136 4558 7321 2491 7044 9376 5880 2962
86 2768 3249 9791 1600 3501 9067 8460 3211 7086 5972 4136 4558 2491 2858 7044 6611 6258
87 810 3249 9791 1600 3501 694 9067 6076 8460 7086 7321 2858 6258 2962
88 1038 3249 9791 1600 3501 694 8460 3211 7086 5972 9885 6258 2013 4326 2962 2240 5715 79
92 9761 3249 9791 1600 3501 9067 8460 7086 5972 4136 4558 9885 7321 2491 6258 847 5880 1343
95 1866 9791 1600 3501 694 1319 9067 7086 5972 4558 8646 2858 6258 2962 2240 5715 427
97 9059 9791 1600 3501 9067 3211 7086 5972 7480 6611 6258
98 1236 3249 9791 1600 3501 694 1319 9067 8460 7086 4136 4558 2491 6258 5880 1343 2962 2240 5715 427
100 715 3249 9791 1600 3501 694 1319 8460 7086 5972 4136 7480 6258 4326 2962
101 3926 9791 1600 3501 694 6076 8460 7086 5972 4136 7480 6258 5880 1343 2962 5715 3074 427
102 6160 3249 9791 1600 3501 694 1319 9067 3211 7086 7480 9885 2858 6258 5880
103 9665 3249 9791 1600 694 1319 6076 7086 4136 4558 8646 5584 2491 7044 1649 3926 6258 8994
104 5502 3249 9791 3501 694 1319 9067 8460 7086 5972 4136 4558 5584 2491 2858 6258 8994
105 360 9791 1600 3501 694 9067 6076 8460 7086 7480 2491 6258 5880 2962
106 34 1600 3501 694 9067 6076 7086 4136 7480 4558 9885 2491 7044 6258 1343 4326 8994
108 8093 3249 9791 1600 3501 694 6076 7086 4136 7480 4558 9885 5584 2491 2858 6258
109 4957 3249 9791 1600 3501 9067 6076 8460 7086 5972 4136 4558 9885 2858
112 9852 3249 1600 694 9067 8460 7086 5972 4136 1590 7480 4558 6258 4326
114 3182 3249 9791 1600 3501 694 1319 9067 8460 3211 7321 2491 8994 2962 5715
116 4470 1600 3501 694 1319 6076 8460 3211 7086 4136 7480 9885 2962
118 7317 3249 9791 1600 3501 694 9067 6076 8460 7086 4558 2491 7044 6258 2962
120 8351 3249 9791 1600 3501 694 9067 8460 7086 4136 4558 9885 2491 7044 6258 847 2013 8994 2962 5715 3074
121 105 3249 9791 1600 3501 694 9067 8460 7086 5972 4136 2491 2858 6258 847 2013 4326 4985
123 304 3249 9791 1600 3501 694 9067 8460 3211 7086 7480 2491 2858 7044 6258 8994
124 5636 3249 9791 3501 9067 7086 4136 1590 7480 8646 5584 7321 2491 2858 7044 1649 6611 6258 847 1343
125 9752 3249 9791 1600 3501 694 9067 6076 8460 7086 7044 6258 2962 2240 5715
126 3630 3249 9791 1600 3501 694 9067 6076 8460 3211 7086 4558 7321 2491 6258 847 5880
127 4247 3249 9791 1600 3501 694 9067 6076 8460 4558 9885 5584 6258 5880 8994 2962 2240 427
128 4914 9791 1600 3501 694 8460 7086 4136 1590 7480 4558 2491 2858 7044 5880 2962
129 1105 9791 1600 3501 694 9067 6076 8460 7086 4136 7480 6258 1343 2962 5715 3074 2240
131 9675 3249 9791 1600 3501 694 9067 6076 3211 7086 4558 2491 6258 4326 8994 2962 2240 5715 427
132 728 3249 9791 1600 3501 9067 6076 7086 5972 4136 4558 6258 5880 8994 2962 5715
133 1201 3249 9791 1600 3501 694 1319 9067 8460 7086 7480 4558 2491 2858 6258 847 1343 4326
134 2562 3249 9791 1600 3501 694 1319 9067 7086 4136 1590 4558 2858 6258 8994
140 7484 3249 9791 1600 3501 694 9067 6076 8460 7086 7480 2491 7044 2962
142 155 9791 1600 3501 694 1319 9067 6076 3211 7086 7480 2491 2858 6611 6258 5880 8994 2962 2240 5715 427
145 8860 3249 1600 694 1319 9067 7086 5972 4136 4558 8646 2491 2858 6258 2013 2962
146 5563 3249 1600 694 1319 9067 3211 7086 5972 4136 6258 2013 2962
148 3502 3249 9791 1600 3501 694 1319 9067 6076 8460 7086 4558 2491 6258 5880 2013
151 7482 3249 9791 1600 3501 694 1319 9067 6076 8460 7086 4558 9885 6258 1343 4326 2962
153 3038 3249 1600 3501 1319 6076 3211 7086 4136 1590 7480 4558 9885 6258 2962 2240 5715
155 5204 3249 9791 1600 3501 694 9067 6076 8460 7086 4558 2491 6258 5880 8994 2962 2240
158 7281 1600 3501 694 9067 7086 5972 4136 4558 7321 2491 7044 6258 5880 2013 4326 8994 2962
159 7841 3249 1600 3501 694 1319 8460 7086 5972 4136 7480 4558 2491 7044 6258 5880 2013 4326 4985 2962 5715 427
160 9352 3249 9791 1600 3501 9067 6076 8460 3211 7086 4136 4558 9885 6258 1343 2013 8994 2962 5715
161 102 3249 9791 1600 3501 694 1319 9067 6076 8460 3211 4558 9885 2491 6611 6258 1343 2962 2240
162 3588 3249 9791 1600 3501 694 9067 6076 7086 4136 7480 6258 2013 4326 8994 2962 5715 427
163 7682 3249 9791 1600 3501 694 9067 8460 7086 5972 4558 9885 2491 7044 6611 6258 8994 2962 5715
166 4370 3249 9791 694 1319 9067 7086 5972 4136 7480 7321 2491 6258 847 2962
168 7707 3249 1600 3501 1319 8460 7086 4136 1590 7480 9885 8646 5584 2491 7044 6611 8994 2962 2240
170 8986 3249 1600 3501 694 6076 3211 7086 5972 4136 5584 2491 2962 3074 427
172 537 1600 3501 694 1319 9067 6076 7086 4136 4558 2858 6611 6258 8994 2962 2240 5715
173 3781 3249 9791 1600 3501 694 6076 8460 7086 4136 1590 7480 4558 2491 2962 2240 5715 79
175 8099 3249 9791 1600 3501 694 1319 9067 3211 7086 4558 9885 6611 6258 4326 8994 2962
184 6691 9791 1600 3501 694 1319 6076 8460 7086 4136 1590 4558 6258 847 2013 8994 2962 5715
185 6705 3249 9791 1600 3501 694 9067 6076 8460 7086 4136 4558 9885 6258 5880 2013
186 8464 3249 9791 1600 3501 9067 7086 4136 1590 4558 8646 2491 2858 7044 9376 6611 6258 2013 2962 2240 5715
189 484 3249 1600 3501 694 9067 8460 3211 7086 7480 4558 2491 2858 6258 1343 2013 2962
191 2777 3249 9791 1600 3501 9067 6076 8460 7086 4136 4558 9885 7321 6258 8994
192 2515 3249 9791 1600 3501 694 9067 6076 8460 7086 4558 9885 2491 7044 6258 1343 4326 2962
194 3766 3249 9791 1600 694 9067 3211 7086 4136 1590 4558 9885 2491 6258 2013 4326 2962 5715 427
197 2745 3249 9791 1600 3501 694 1319 9067 8460 3211 7086 7480 4558 2491 6258 847 5880 2962 2240
199 4322 1600 3501 694 1319 6076 8460 7086 5972 7480 4558 2858 6258 5880 2013 8994 2962
200 9448 3249 9791 1600 3501 694 1319 6076 8460 7086 4136 7480 2858 6611 6258 5880 8994 2962 3074 5715
203 2523 3249 9791 1600 3501 694 1319 9067 6076 8460 7086 5880 2962
205 4984 3249 9791 1600 3501 694 9067 6076 8460 7086 4136 2491 2858 5880 1343 2013 2962
206 1032 3249 1600 3501 1319 9067 8460 7086 5972 4136 7480 4558 2491 2858 6258 4326 3602 5677 8193 8994 5715 3074
208 6332 3249 9791 1600 3501 694 1319 9067 6076 8460 4136 4558 9885 7321 2858 5880
211 7279 3249 9791 1600 3501 694 6076 8460 3211 7086 4558 9885 2491 2858 6258 847 2013 2962 2240
213 3488 9791 1600 3501 694 1319 9067 3211 7086 4136 4558 2858
214 5351 9791 1600 3501 694 1319 9067 8460 3211 7086 4558 9885 2491 2858 7044 6258 2013 2962
495 528 3249 9791 1600 3501 694 9067 6076 3211 7086 7480 4558 2491 2858 6258 5880 1343
216 3081 3249 9791 1600 3501 694 9067 6076 3211 7086 4136 2858 8994
219 1686 3249 9791 1600 3501 694 1319 9067 8460 3211 7086 7480 2491 7044 6258 5880 1343 8994 2962 2240 5715
220 3991 9791 1600 3501 1319 8460 3211 7086 4136 1590 7480 4558 9885 7321 6258 2013 2962
221 5028 3249 9791 1600 3501 694 1319 9067 8460 7086 5972 4558 2491 7044 8994
223 6057 3249 9791 1600 694 1319 9067 6076 8460 7086 4136 7480 4558 2858 7044 8994 2962
224 1963 3249 9791 1600 3501 694 1319 9067 3211 7086 5972 4558 2491 2858 6611 6258 1343 8994
225 2957 3249 9791 1600 3501 9067 5972 4136 4558 9885 8646 7321 2491 2858 6258 847 1343 4326
226 463 3249 9791 1600 3501 9067 6076 8460 3211 7086 4136 9885 2858 6258 2962 2240 5715 79
227 3308 3249 9791 1600 3501 694 1319 9067 6076 8460 3211 4558 9885 7044 6258 5880 1343 4326
2 421 3249 9791 1600 3501 1319 9067 6076 8460 7086 1590 4558 2491 6258 847 1343 4326 4985 2962 259 5715
229 9693 3249 9791 1600 3501 694 9067 6076 7086 7480 2858 6258 1343 8994 2962 5715
230 1905 3249 9791 1600 3501 9067 6076 8460 3211 7086 4136 4558 2858 6258 2962 427
231 3312 3249 9791 1600 3501 8460 7086 5972 4136 4558 9885 8646 7321 9388 2491 6258 5880 1343 8994
232 3202 9791 1600 3501 9067 8460 7086 5972 4136 5584 2491 847 1343 2013 8994
234 8204 3249 9791 1600 3501 694 9067 3211 7086 4136 7480 2858 8994 2962 5715 2240
235 3338 3249 9791 1600 3501 694 1319 9067 6076 8460 7086 4558 2858 7044 6258 1343 2013 5715 7296
239 500 3249 9791 1600 3501 9067 7086 5972 4136 4558 7321 2491 2858 6258 5880 2013 4326 2962
240 7847 3249 1600 3501 694 9067 8460 3211 7086 4136 6258 2013 4326 8994 2962 5715 3074 427
241 2596 3249 9791 1600 3501 694 1319 9067 6076 8460 3211 2858 2962
242 3172 3249 1600 3501 694 1319 9067 8460 3211 7086 5972 4558 2858 9376 2962 2240 5715
243 7122 3249 9791 1600 3501 694 1319 9067 6076 7086 7480 4558 6258 5880 2962 5715 3074 427
245 1440 1600 694 9067 7086 5972 4136 7480 4558 5584 2491 2858 6611 6258 2962
247 5920 3249 1600 3501 694 9067 3211 7086 4136 7480 4558 2491 6611 2962
1 3592 3249 9791 1600 3501 694 9067 7086 4136 7480 4558 6611 6258 5880 1343 8994
251 8168 9791 1600 3501 694 9067 6076 8460 3211 7086 4558 9885 6258 847 5880 4326
253 7495 3249 1600 3501 694 6076 8460 7086 5972 4136 4558 9885 6258 8994 2962 2240 5715
255 7013 3249 9791 1600 3501 694 1319 9067 6076 8460 3211 7086 4558 6258 5880 4326 2962
256 7630 3249 9791 1600 3501 694 7086 4136 7480 4558 5584 7321 4225 2491 2858 7044 1649 6258
258 7354 1600 3501 694 9067 8460 7086 5972 4136 4558 2491 7044 5880 8994 2962 5715
263 6214 3249 9791 1600 3501 694 9067 8460 7086 4136 4558 9885 8646 2491 6258 2013 8994 2962
264 732 9791 1600 3501 694 8460 7086 4136 1590 7480 9885 5584 7321 2491 7044 6258 5880 8994 2962 5715 427
267 2161 3249 9791 1600 3501 694 1319 6076 7086 5972 4136 7480 6258 4326 8994
268 3602 3249 9791 1600 3501 694 9067 8460 5972 4136 7480 4558 2491 6258 5880 1343 2013 2962
269 1004 3249 9791 1600 3501 694 1319 8460 7086 5972 4136 7480 4558 2491 6258 5880 2962 2240 3074 427
270 6224 3249 1600 3501 694 9067 6076 7086 5972 4558 2491 2858 7044 9376 6258
274 9104 9791 1600 3501 1319 9067 6076 3211 7086 7480 7321 6258 8994 2962 2240 5715 79
275 6353 3249 9791 1600 3501 694 1319 9067 6076 8460 7086 4558 2491 7044 2962
276 2441 3249 1600 3501 9067 8460 3211 7086 5972 7480 9885 6258 2962 5715 3074
278 1695 3249 9791 1600 3501 694 3211 7086 4136 4558 9885 8646 5584 6258 5880
280 3758 9791 1600 694 1319 9067 7086 5972 4136 7480 4558 9885 5584 2491 8994 2962 2240
284 3209 3249 9791 1600 3501 694 6076 8460 7086 4136 4558 7321 2491 6258 847 2962 5715 3074 2240
285 9671 3249 9791 1600 3501 694 1319 9067 6076 8460 7086 7480 4558 2491 6258 2013 4326 8994 2962 5715 2240
288 29 9791 1600 694 9067 6076 3211 7086 5972 4558 6258 1343 2962 5715 3074 2240
294 4326 3249 9791 1600 3501 694 9067 6076 7086 4136 1590 4558 2858 6258 5880 2962
297 1758 3249 9791 1600 3501 694 3211 7086 4136 1590 2491 2858 6611 6258 2962 2240 427
298 9743 3249 9791 1600 3501 694 1319 9067 6076 8460 7086 4558 2491 2858 7044 6258 5880 4326 2962
302 2545 9791 1600 3501 694 9067 6076 8460 7086 4136 2491 6258 847
303 7542 3249 1600 694 9067 6076 8460 3211 7086 4136 4558 8646 2858 5880
311 1958 3249 1600 3501 694 9067 3211 7086 5972 4558 9885 7321 8994 2962 2240
312 1786 3249 9791 1600 3501 9067 6076 8460 4136 1590 7480 2858 6611 1343 2013 2962
317 93 9791 1600 3501 694 1319 8460 7086 5972 4136 4558 9885 2491 5880 2962
319 4840 3249 9791 1600 3501 694 9067 3211 4136 4558 5584 7321 2858 7044 6258
320 4765 3249 9791 1600 3501 694 9067 6076 7086 5972 4558 9885 5584 6258 5880 1343 4326 2962
321 6540 3249 1600 3501 694 9067 6076 8460 7086 5972 6258 2013 4326
322 7270 1600 3501 694 7086 5972 4136 1590 7480 4558 6258 1343 2013 4326 4985 2962 5715 3074 427
323 8597 3249 9791 1600 694 9067 8460 3211 7086 4136 7480 5880 3602 8994 2962 5715 3074 427 2240
324 6549 3249 1600 3501 694 1319 9067 6076 3211 7086 4136 4558 3926 6258 2962
325 2479 3249 9791 1600 3501 694 9067 6076 8460 7086 4558 2491 2858 7044 6258 5880 8994 2962 2240
326 4011 3249 1600 3501 1319 9067 6076 8460 5972 4136 4558 8646 7321 6258 8994 2962 427
327 6492 9791 1600 3501 694 9067 6076 8460 7086 5972 9885 2491 6258 1343 8994 2962
329 3980 3249 9791 1600 3501 694 9067 6076 8460 7086 4558 2491 6258 5880 2962 5715 2240
332 3544 3249 9791 1600 3501 1319 9067 8460 7086 5972 4558 9885 7321 6258 5880 8994 2962 3074 5715
333 4585 3249 9791 1600 694 1319 9067 6076 3211 7086 7480 4558 2491 6258 1343 2013
335 7409 3249 9791 1600 3501 1319 9067 6076 7086 4136 1590 4558 9885 2491 6258 5880 4326 2962
338 4993 3249 9791 1600 694 9067 6076 8460 7086 5972 4558 9885 2491 2858 7044 6611 6258 5880 2962
339 2760 3249 9791 1600 3501 694 1319 9067 6076 7086 4136 7480 2858 2962 5715
340 3183 3249 1600 3501 694 1319 9067 8460 7086 4136 7480 4558 2858 6258 8994
341 1639 3249 9791 1600 3501 694 9067 6076 8460 3211 4558 2858 6258 847 5880 1343 2013 4326 4985 8994 2962 2240 5715 3074
347 3351 3249 9791 1600 3501 9067 6076 8460 7086 5972 4558 6258 847 1343 4326
349 2495 9791 1600 3501 694 9067 6076 7086 4136 4558 7321 2491 6258 5880 1343 2013 8994
350 9715 3249 9791 3501 694 1319 9067 6076 8460 3211 4558 2491 7044 3926 6258 847 5880 2013 8994 5715 3074 2962
353 5603 3249 9791 1600 3501 694 1319 6076 8460 7086 4136 4558 2491 6258 2013 8994
359 5584 3249 9791 1600 3501 694 9067 6076 8460 5972 4558 9885 2858 6258 2013 4326 2962
360 2936 9791 1600 3501 694 9067 6076 8460 3211 4558 9885 6258 5880 2013 8994
362 6805 9791 1600 3501 694 9067 6076 8460 7086 7480 4558 2491 6258
366 5523 3249 9791 1600 3501 694 9067 8460 3211 7086 5972 4558 5880 2962
368 2915 9791 1600 3501 694 9067 6076 3211 7086 4558 5584 6258 847 5880 2013 2962 2240 3074
369 5714 3249 9791 1600 9067 8460 3211 7086 5972 4136 5584 6258 847 2013 8994
371 6124 9791 1600 9067 6076 8460 7086 5972 4136 7480 4558 2491 6611 6258 5880 2962
372 9351 3249 9791 1600 3501 694 6076 3211 7086 4136 1590 4558 2858 7044 6258 847 5880 8994 2962 5715
374 5375 3249 9791 1600 3501 694 9067 8460 7086 4136 7480 2858 8994 2962 5715
493 8517 3249 9791 1600 3501 694 1319 9067 7086 4136 5584 2858 5880 2962
377 6598 3249 9791 1600 3501 694 1319 9067 6076 7086 4136 4558 2962 2240 5715
378 245 9791 1600 3501 694 1319 8460 3211 7086 4136 4558 9885 2858 7044 6258 847 5880 4326 2962
380 9365 3249 1600 3501 694 6076 8460 7086 4136 1590 4558 6258 5880 1343
382 7777 3249 1600 3501 1319 9067 3211 7086 5972 4136 7480 4558 6258 8994 2962 2240 5715 79
383 2013 3249 9791 1600 3501 694 9067 8460 3211 7086 5972 4558 2491 2858 6611 6258 5880 4326 2962 2240 5715 3074
386 3016 9791 1600 3501 694 9067 6076 8460 3211 7086 4558 2491 6258 5880 2013 2962
388 8253 3249 9791 1600 3501 694 6076 8460 3211 7086 7480 4558 2491 6258 4326 8994 2962
492 6190 9791 1600 3501 9067 3211 7086 5972 4136 9885 7321 2858 6258 2013 4326 2962 5715
395 8002 3249 9791 1600 3501 6076 7086 4136 7480 4558 5584 7321 4225 6611
396 4949 3249 1600 3501 694 9067 8460 7086 4136 7480 5584 6258 5880 1343 2013 4326
399 117 9791 1600 3501 694 1319 9067 3211 7086 4136 9885 6258 5880 1343
400 1227 3249 9791 1600 3501 694 1319 9067 8460 7086 5972 7480 2858 2962
401 8281 3249 9791 1600 3501 694 9067 6076 7086 7480 6258 4326 2962
402 8673 3249 9791 1600 3501 9067 8460 7086 4136 7480 4558 7321 4225 2858 5880 2240
405 316 3249 9791 1600 3501 694 1319 9067 8460 7086 7480 4558 2491 2858 2962
406 9288 9791 1600 3501 694 1319 9067 3211 7086 7480 2962
407 3059 3249 9791 1600 3501 9067 6076 8460 3211 7086 5584 2858 6258
409 4908 3249 9791 1600 3501 694 9067 6076 7086 5972
410 1220 9791 1600 3501 694 1319 9067 6076 8460 3211 4558 7321 2491 2858 6258 5880 8994 2962
411 6336 3249 1600 3501 694 6076 8460 3211 7086 5972 4136 2858 6258 8994 2962 5715
415 312 1600 3501 694 9067 8460 7086 5972 9885 7321 2491 2858 6258 5880 1343 4326 3602 6635 8994 2962 259
416 1280 3249 9791 1600 3501 694 9067 6076 8460 7086 9885 2491 7044 8994 2962
418 1151 3249 3501 694 9067 8460 7086 5972 4136 7480 4558 6258 5880 2962 2240
419 4088 3249 9791 1600 3501 694 1319 9067 6076 7086 4558 7321 2858 6258 847 5880 2013 4326 2962 5715 2240
420 4444 3249 9791 1600 3501 694 9067 8460 7086 5972 7480 4558 2491 6258 8994 2962 5715
422 8952 9791 1600 3501 694 9067 7086 5972 7480 4558 2491 2858 6258 847 5880 2013 8994 2962
424 3381 9791 1600 3501 694 1319 9067 7086 4136 4558 9885 8646 2491 6258 5880 1343 8994
425 4252 3249 1600 3501 9067 7086 5972 4136 7480 9885 8646 5584 2858 6258 4326
491 6640 3249 9791 1600 3501 694 3211 7086 5972 4136 7480 6258 4326 8994 2962
431 602 3249 9791 1600 3501 694 1319 9067 8460 7086 4136 4558 2491 2858 7044 6258 8994 2962
434 2395 9791 1600 3501 694 1319 9067 8460 3211 7086 6258 1343 4326
436 2083 3249 1600 3501 1319 9067 3211 7086 4136 1590 6611 6258 5880 8994 2962
437 3569 3249 9791 1600 3501 694 9067 6076 3211 7086 4558 2491 2858 6258 847 5880 2013 4326 8994 2962 5715 427
438 2028 3249 9791 1600 3501 694 9067 7086 4136 1590 4558 9885 5584 6258 2013 8994 2962 5715 2240
439 2030 1600 3501 694 1319 9067 5972 4136 4558 9885 8646 7321 2491 6611 6258 5880 2962
440 2925 9791 1600 3501 694 1319 9067 3211 7086 4136 4558 2491 6258 1343
442 4086 3249 9791 1600 3501 694 1319 9067 3211 7086 5972 2491 6258 2013 4326
490 7320 1600 3501 694 9067 8460 7086 5972 4136 7480 4558 2491 6258 5880 2013 4326 8994 2962
444 9680 3249 1600 3501 694 1319 9067 3211 7086 4136 9885
447 2464 3249 9791 1600 3501 694 6076 3211 7086 5972 4136 6258 5880 1343 8994 2962 5715
449 1043 3249 9791 1600 3501 694 1319 9067 6076 8460 3211 7480 4558 6258 5880 2962 2240 3074
450 2945 3249 1600 3501 694 9067 6076 8460 3211 7086 4558 7321 2491 2858 2962 2240 5715 79
451 8615 3249 9791 1600 3501 9067 3211 7086 4136 1590 4558 6611 5880 2962
453 4310 3249 1600 3501 694 9067 6076 8460 3211 7086 7480 4558 6258 1343 2013 2962 5715 427 2240
454 359 3249 1600 3501 694 9067 7086 5972 4136 4558 2491 7044 9376 6258 5880 2013 4326 4985 8994 2962 2240 5715 79
455 6201 3249 9791 1600 3501 694 9067 8460 7086 4136 7480 4558 9885 2491 2858 6258 5880 8994 2962 2240 5715 79
457 7187 3249 9791 1600 3501 694 1319 8460 7086 4136 7480 4558 9885 8646 6611 6258 8994 2962
460 7775 3249 9791 1600 3501 694 9067 6076 8460 7086 4136 8994 2962
466 2280 3249 9791 1600 3501 6076 3211 7086 4136 9885 8646 5584 2858
467 3716 3249 1600 3501 1319 9067 6076 8460 3211 7086 7480 4558 2491 2962 2240 5715 79
470 3121 9791 1600 3501 694 1319 9067 6076 8460 7086 4558 8646 6258 847 5880 4326
471 5812 3249 9791 1600 3501 1319 9067 6076 8460 3211 7086 4558 2491 2858 6258 847 4326 2962
473 8416 3249 1600 3501 694 1319 9067 8460 3211 7086 4558 9885 2491 2858 7044 3537 5880
476 1414 9791 1600 694 1319 9067 6076 8460 7086 4136 4558 8646 2858 6258 5880 2013
480 1179 3249 9791 1600 3501 694 9067 8460 7086 4136 7480 6258 5880 1343 8994
481 4205 3249 9791 1600 3501 694 1319 9067 8460 3211 4558 7321 5880 2013
482 2215 9791 1600 3501 694 9067 8460 7086 4136 7480 4558 2858 6258 8994 2962 5715
483 1643 3249 9791 1600 3501 694 9067 7086 4136 4558 9885 2491 7044 6258 847 2013 4326 4985 8994 2962 2240 5715 427
484 798 3249 9791 3501 694 9067 8460 7086 4136 1590 7480 4558 2491 7044 9376 8994
486 3299 3249 9791 1600 3501 1319 9067 6076 8460 7086 4136 4558 7321 6611 5880 2962
266 7877 3249 9791 1600 694 6076 8460 7086 4136 1590 4558 9885 2491 6258 4326 4985 8994 2962 2240
93 1651 3249 9791 1600 3501 694 9067 3211 5972 4136 4558 6611
156 4032 3249 9791 1600 3501 694 9067 6076 7086 7480 4558 2491 2858 6258 5880 8994
157 4131 9791 1600 3501 694 3211 7086 4136 1590 4558 9885 2491 2858 6258 847 8994 2962
94 9562 3249 9791 1600 3501 694 9067 6076 8460 3211 4558 2491 6258 847 2013 8994 2962 5715 3074
271 8676 3249 9791 1600 3501 694 9067 8460 7086 4136 4558 5584 2858 5880 2013 8994 2962 2240 5715 79
272 7641 3249 9791 1600 3501 694 1319 9067 6076 8460 3211 7086 4558 6258 8994 2962
273 5059 3249 9791 1600 3501 1319 9067 7086 4136 1590 4558 9885 2491 2858 6258
7 1553 3249 9791 1600 694 8460 7086 5972 4136 7480 4558 5584 2491 2962 5715
96 7197 9791 1600 3501 694 9067 6076 7086 4136 4558 7321 2491 6258 2013 4326 8994 2962
58 9758 3249 9791 1600 3501 694 1319 9067 8460 3211 7086 4136 6258 1343 4326 8994 2962 259
277 7713 3249 9791 1600 3501 694 9067 7086 5972 4136 7480 4558 2491 6258 2962 2240 5715
33 4679 9791 1600 3501 9067 6076 8460 7086 5972 4136 4558 9885 2491 2858 6258 847 5880 1343 4326 4728
279 3656 3249 1600 3501 694 6076 8460 3211 7086 5972 7480 4558 2491 2858 6611 6258 1343 8994 2962 5715 2240
99 2497 3249 1600 3501 694 7086 4136 4558 9885 8646 5584 4225 2491 6258 8994
281 7135 3249 9791 1600 3501 694 1319 9067 8460 7086 5972 4558 5584 2491 8994 2962
282 4242 3249 1600 3501 694 9067 6076 3211 7086 4558 9885 5584 6258 2962 5715
283 430 3249 9791 1600 3501 694 9067 6076 8460 7086 4558 5584 6611 8994 2962
164 2772 3249 9791 1600 694 9067 3211 7086 5972 9885 7321 6258
165 8195 3249 1600 3501 694 9067 8460 4136 7480 4558 5584 9388 7044 6258 5880 1343 4326
286 3074 3249 1600 3501 1319 9067 8460 3211 7086 4136 4558 8646 5584 7321 2491 6258 2013 4326 8994 2962 5715 9244
287 3846 1600 3501 694 9067 6076 8460 7086 4136 4558 2491 6611
34 2900 3249 9791 1600 3501 694 9067 6076 8460 3211 7086 4558 9885 2858 6258 1343
289 5179 3249 9791 1600 3501 694 9067 6076 7086 4136 4558 2491 2858 2962
290 9313 3249 9791 1600 3501 694 1319 9067 6076 8460 3211 4558 7321 2491 2858 6258 5880 2013
291 2214 3249 9791 1600 3501 694 1319 9067 3211 7086 4558 9885 7321 2491 2858 7044 6258 2962 5715
292 1260 3249 9791 1600 3501 1319 9067 6076 8460 3211 7086 4136 4558 2491 6258 847 2013 4326 4728 2962 5715 3074 427
293 5481 3249 9791 1600 3501 8460 7086 5972 4136 7480 9885 7321 7044 3926 624 2962
167 2401 3249 9791 1600 3501 694 1319 9067 6076 8460 3211 4558 9885 2858 2962
295 5078 3249 9791 1600 3501 694 1319 9067 8460 3211 4136 4558 2491 6258 847 5880 8994 2962 5715 3074
296 799 3249 9791 1600 3501 694 1319 9067 6076 7086 7480 6258 2013 4326 8994
19 793 3249 9791 1600 3501 694 9067 6076 8460 7086 4136 4558 2491 2858 8994 2962 2240
169 8086 3249 9791 1600 3501 694 1319 9067 6076 7086 4136 6611
299 6752 9791 1600 3501 9067 6076 8460 7086 5972 4136 4558 2491 2858 6258 8994 2962
300 2296 3249 9791 1600 3501 694 9067 6076 7086 7480 4558 2491 8994
301 2364 3249 9791 1600 3501 694 9067 6076 7086 7480 4558 2491 6258 8994 2962 5715 2240
36 7499 9791 1600 3501 694 1319 9067 8460 3211 4136 4558 2491
171 3469 9791 1600 3501 1319 9067 6076 3211 7086 4136 4558 9885 6258 5880 2013 2962
304 8224 3249 9791 1600 3501 1319 9067 8460 7086 4136 7480 4558 5584 2858 7044 9376 3926 6258 5880 4326
305 5652 3249 1600 3501 9067 7086 5972 4136 7480 4558 9885 7321 2491 2858 6611 6258 5880 8994 2962 2240 5715 427
306 1733 3249 9791 1600 3501 694 9067 8460 7086 4136 4558 2491 6258 5880
307 9568 3249 9791 1600 3501 1319 6076 8460 7086 5972 4136 4558 2491 7044 6258 847 5880 1343 2013 4326
308 4798 3249 9791 1600 3501 694 9067 6076 8460 7086 4136 4558 2858 6258 5880 2013 8994
309 6402 3249 9791 1600 3501 694 8460 7086 4136 7480 8646 2491 7044 9376 6258 847 5880 1343 2013 2962
310 6414 3249 9791 1600 3501 1319 9067 6076 8460 7086 4136 7480 6258 5880 4326 2962 259 5715
499 9755 3249 9791 1600 3501 694 9067 8460 7086 5972 4558 9885 7321 2491 2858 7044 6258 847 2013 4326 4985 2962 3074 5715 2240
64 6550 3249 9791 1600 3501 694 1319 9067 6076 3211 7086 7480 4558 6258 5880 4326 2962
313 0 3249 9791 1600 3501 694 1319 9067 6076 3211 4558 2962
314 97 3249 9791 1600 3501 694 9067 6076 8460 7086 4558 6611 6258 1343 8994
315 9975 3249 9791 1600 3501 694 1319 9067 5972 4136 4558 2491 8994 2962 3074
316 7289 3249 9791 1600 3501 694 3211 7086 4136 7480 4558 9885 8646 5584 6258 5880 2013 8994 2962 5715 427
174 1952 3249 9791 1600 3501 694 1319 9067 7086 4136 7480 9885 6258 1343 2013 2962 5715 2240
318 161 9791 1600 3501 694 1319 9067 6076 8460 7086 4558 6258 5880 1343 5715
65 2669 3249 9791 1600 3501 694 1319 9067 8460 3211 7086 4558 2858 7044 6258 5880 8994 2962 2240 5715 427
176 2983 3249 9791 1600 3501 694 9067 3211 7086 4136 7480 9885 7044 6258 1343 8994 2962 2240
177 7195 3249 9791 1600 3501 1319 9067 8460 7086 4136 1590 4558 2491 2858 6258 2962 5715 2240
496 8782 3249 9791 1600 3501 694 9067 7086 4136 4558 9885 8646 5584 6258 2962
179 2247 1600 3501 9067 8460 7086 4558 5584 7510 2491 9566 7044 1649 9376 6611 8994
180 8646 3249 1600 3501 694 1319 9067 6076 8460 7086 7480 4558 2491 7044 6611 8994
181 7817 3249 1600 3501 694 1319 9067 6076 3211 7086 4558 2491 6258 2013 8994 2962
182 2956 3249 9791 3501 694 9067 8460 7086 4136 4558 9885 8646 5584 2491 2962 5715
183 4415 9791 1600 3501 9067 6076 3211 7086 4136 1590 6258 5880 2013
328 4938 3249 9791 1600 3501 694 1319 9067 8460 3211 7086 4558 7321
13 2638 3249 9791 1600 3501 694 9067 6076 8460 3211 2491 2858 6611 6258 5880 4326
330 5966 3249 9791 1600 3501 694 1319 9067 3211 7086 4136 7480 8994 2962 5715
494 8270 3249 9791 1600 3501 694 1319 8460 7086 5972 1590 7480 4558 2491 2858 6258 5880 2013 8994 2962 5715 2240
107 5266 3249 9791 1600 3501 694 9067 8460 3211 7086 4136 4558 5880
22 6696 3249 9791 1600 3501 694 9067 6076 7086 4136 4558 9885 7321 2491 2858 3926 6258 2962
334 5735 3249 9791 1600 3501 9067 6076 4136 1590 9885 8646 7321 2491 2858 7044 8994 2962 2240
187 5430 3249 9791 1600 3501 694 6076 8460 7086 4136 1590 9885 2858 7044 6258 2962 5715 3074 2240
336 4079 3249 9791 1600 3501 694 9067 7086 4136 1590 4558 9885 5584 2491 8994
337 2217 3249 1600 3501 694 9067 6076 8460 3211 4558 9885 2491 6258 5880 1343 4326 2962
188 1838 9791 1600 3501 694 9067 6076 7086 4136 4558 2491 7044 6258 5880 1343 2962
40 291 3249 9791 1600 3501 694 9067 6076 8460 3211 7321 2491 6258 847 1343 2962 2240 5715
190 4266 3249 9791 1600 3501 694 9067 6076 7086 5972 4558 2491 6258 8994 2962 2240
110 8356 3249 9791 1600 3501 694 9067 7086 5972 7480 4558 2491 8994 2962 5715 2240
342 6583 3249 9791 1600 3501 694 1319 9067 6076 8460 7086 4558 9885 6258 4326 8994 2962 7296 5715
343 3670 3249 1600 3501 694 1319 9067 6076 8460 7086 4136 4558 9885 6258 4326 2962
344 2213 9791 1600 3501 694 1319 9067 8460 3211 7086 6258 847 5880 8994 2962
345 9738 3249 9791 1600 3501 694 9067 6076 3211 7086 4558 2491 7044 2962 2240 5715
346 6546 9791 1600 3501 694 1319 9067 3211 7086 7480 4558 2858 2962 5715
111 3294 3249 9791 1600 694 1319 9067 8460 7086 5972 9885 2491 7044 6258 847 5880 1343 2013 4985 8994 2962 2240 5715 3074
348 4142 3249 9791 1600 3501 694 9067 7086 5972 4558 9885 2491 2962
193 5462 3249 1600 3501 694 1319 9067 6076 7086 5972 4558 9885 5584 6258 2013 4326 2962 5715 427
69 8805 3249 1600 3501 1319 9067 3211 7086 4136 4558 9885 8646 5584 2491 6258 2013 4326 4985 3602 8994 2962 2240 5715 79
351 9776 3249 9791 1600 3501 694 9067 7086 5972 4558 9885 7321 2858 6258 1343 8994 2962 2240 5715 79
352 6425 3249 9791 1600 3501 694 9067 8460 3211 7086 4558 9885 2491 2858 7044 6258 8994
195 318 3249 9791 1600 3501 694 9067 6076 3211 4558 7321 2491 2858 7044 2962 5715 2240
354 2418 9791 1600 3501 694 8460 7086 4136 1590 7480 4558 9885 7044 6258 5880 1343 2013 8994 2962
355 9190 3249 1600 3501 694 9067 6076 3211 7086 4136 4558 6258 2013 2962
356 7980 3249 9791 1600 3501 694 8460 7086 4136 4558 8646 5584 7321 2491 2858 7044 9376 6258 847 2013 4326 4985 8994 2962
357 2823 9791 1600 3501 694 1319 9067 3211 7086 7480 4558 2491 2858 6258 5880 4326 2962
358 2863 3249 9791 1600 3501 9067 6076 8460 7086 5972 4136 6258 5880 2013 8994 2962 2240 5715
196 5972 3249 1600 3501 694 1319 9067 7086 4136 1590 6258 1343 4326 8994 2962
113 3722 3249 1600 3501 1319 9067 6076 8460 7086 4136 7480 4558 9885 2491 6258 5880 4134 2013 4326 3602
361 9367 3249 9791 1600 3501 1319 9067 8460 7086 4136 1590 7480 4558 2491 2962 2240
198 3033 3249 9791 1600 3501 694 1319 9067 8460 7086 5972 6258 5880 2013 5715 7296
363 5533 3249 9791 1600 3501 694 1319 6076 8460 7086 5972 9885 2491 2858 9376 6258 5880 1343 4326
364 366 1600 3501 694 9067 6076 3211 7086 4136 5880 4326 2962
365 4496 3249 9791 1600 3501 8460 7086 5972 4136 1590 7480 4558 2858 6258 5880 2962 2240 5715
41 2330 3249 1600 3501 694 1319 9067 8460 7086 4136 9885 6258 2013
367 8063 1600 3501 694 9067 6076 3211 7086 4558 9885 2858
115 3615 3249 1600 3501 694 1319 9067 6076 8460 7086 4558 9885 7321 8994 2962 5715
201 2728 3249 9791 1600 3501 694 9067 8460 7086 5972 7480 4558 6258 5880 4326 2962
370 3987 3249 9791 1600 3501 694 9067 7086 4136 1590 7480 6258 5880 4326 2962
202 4284 9791 1600 3501 9067 8460 7086 5972 4136 9885 5584 2491 2858 6611 6258 8994 2962 5715 427
23 3251 3249 1600 3501 694 6076 8460 3211 7086 4136 1590 4558 2491 2858 6258 5880 1343 4134 2013 4326 2962 2327
373 1689 3249 9791 1600 3501 694 9067 6076 7086 7480 4558 2491 6611 6258 5880 2013
204 5017 9791 1600 3501 694 8460 7086 4136 7480 4558 9885 5584 2491 7044 3926 8994 2962
117 7291 3249 9791 1600 3501 9067 6076 8460 7086 4136 1590 4558 9885 2858 6258 5880 8994 2962
376 550 3249 9791 9067 6076 3211 7086 5972 4136 1590 7480 9885 2858 6258 5880 8994 2962 5715 2240
43 2339 3249 9791 3501 694 1319 9067 7086 5972 4136 1590 4558 2491 2858 6611 6258 1343
207 8404 3249 1600 3501 694 9067 7086 4136 7480 9885 7321 6258 4326
379 2860 9791 1600 3501 694 1319 9067 6076 8460 3211 2858 6258 2962 2240
119 9113 3249 9791 1600 3501 9067 8460 3211 7086 4136 1590 6258 5880 8994 2962 3074 2240
381 7163 3249 1600 3501 694 9067 6076 8460 3211 7086 7480 4558 2491 2858 6611 6258 2962
209 7623 3249 1600 3501 694 9067 3211 7086 5972 4558 2491 7044 6611
210 2111 3249 9791 1600 3501 694 1319 9067 6076 8460 3211 4558 6258 2962
384 5548 3249 9791 1600 3501 9067 6076 8460 7086 4136 1590 4558 7321 2491 2858 6258 1343 4326 2962
385 9999 1600 3501 1319 8460 7086 4136 7480 4558 9885 8646 5584 7321 2491 2858 7044 7233 2962
44 8901 9791 1600 3501 694 9067 6076 3211 7086 4558 2491 6258 5880 8994 2962 2240 5715
387 9026 3249 9791 1600 3501 694 6076 3211 7086 4136 1590 4558 7044 6258 847 5880 2962 5715 7883
212 6723 9791 1600 3501 694 1319 9067 6076 7086 4558 9885 7321 6258 5880 2013
389 5012 9791 1600 3501 694 8460 7086 4136 7480 4558 8646 7321 2491 6258 5880 1343 2962 2240
390 7063 9791 1600 3501 694 1319 9067 6076 3211 7086 7321 2491 2858 7044 6258 5880 2962
24 1800 9791 1600 3501 694 9067 8460 3211 7086 4136 4558 7321 2491 6258 2962 5715
392 5001 3249 9791 1600 3501 9067 6076 8460 7086 4136 4558 9885 2858 7044 6258 2013 8994 3074 5715 2240
393 9775 3249 1600 3501 694 7086 4136 7480 4558 9885 8646 5584 7321 9388 2491 2858 6258 1343 2013 4326 8994 2962 259
394 9804 3249 9791 1600 3501 1319 9067 8460 4136 4558 9885 5584 7321 4225 2491 2858 6258 5880 2962 2240 5715 1668
122 1195 3249 1600 3501 694 1319 9067 8460 3211 7086 4136 9885 2491 2858 7044 6258 8994 2962
75 6031 1600 694 9067 6076 8460 3211 7086 1590
397 5816 3249 1600 3501 694 9067 6076 3211 7086 4136 4558 2491 2858 6258 2013 4326
398 6745 9791 1600 3501 8460 3211 7086 5972 4136 4558 7321 2491 7044 6258 847 1343
46 1871 3249 1600 3501 694 9067 8460 7086 4136 1590 4558 9885 5584 6258 5880 1343 2013 4326 3602
217 5715 9791 1600 3501 9067 3211 7086 4136 7480 4558 8646 5584 7321 6258 5880 2013 2962
218 8542 3249 9791 1600 3501 694 9067 8460 7086 4136 2491 6258 847 2013 4326 8994 2962 5715 3074 427
77 3745 3249 9791 1600 3501 694 6076 8460 7086 5972 4136 4558 9885 8994 2962 2240 3074
403 2757 3249 9791 1600 3501 694 9067 6076 3211 7086 4558 9885 7321 6258 4326
404 1168 3249 1600 3501 694 1319 9067 6076 8460 7086 4558 9885 2491 7044 6258 5880 2013 4326 4985 2962 2240 5715 79
25 6390 3249 1600 3501 694 9067 6076 8460 7086 4136 4558 8646 2491 6258 1343 2962 5715 9968
79 9708 9791 1600 3501 694 1319 9067 3211 7086 7480 4558 2491 7044 6258 5880 1343
222 9470 3249 9791 1600 694 9067 6076 8460 3211 7086 5972 4558 2491 6258
408 5798 3249 1600 3501 694 1319 9067 6076 3211 7086 7480 4558 2858 7044 6258 1343 2013 4326 8994 2962 259
498 1665 3249 9791 1600 3501 9067 7086 5972 4136 1590 4558 5584 2491 6258 847 2962 5715 427
81 8311 3249 9791 1600 3501 694 9067 6076 3211 7086 6258 4326 2962
130 4515 3249 9791 1600 3501 694 9067 8460 7086 4136 4558 6258 847 5880 2962
412 6801 3249 3501 694 9067 3211 7086 4136 4558 8646 5584 2491 7044 9376 6258 1343 8994
413 5680 9791 1600 3501 694 1319 9067 6076 8460 4136 6258 2962
414 8166 3249 1600 3501 694 9067 8460 7086 5972 4558 9885 2858 6258 5880 1343 2962 2240 79
5 3838 3249 9791 1600 3501 694 1319 8460 3211 7086 4136 4558 7321 6258 5880 1343 2962
28 1344 3249 9791 1600 3501 694 1319 9067 8460 3211 7086 4558 2491 2858 7044 6611 6258 5880 8994 2962 5715 2240
417 3416 3249 1600 3501 1319 9067 7086 4136 1590 8646 5584 7321 2491 7044 6611 6258 1343 2013 4326 8994 2962 2240 5715
6 3284 9791 1600 3501 1319 9067 8460 3211 7086 4136 7480 4558 2491 8994 2962
52 2123 3249 9791 1600 3501 694 1319 9067 6076 8460 7086 4558 8646 6258 847 5880 8994 2962
135 9169 3249 9791 1600 3501 7086 4136 7480 9885 8646 5584 7321 4225 2491 2858 1649 3926 6258 5880 8994 2962 2240 79
421 5155 3249 9791 1600 3501 694 9067 6076 8460 3211 7086 4558 9885 6611 2240
136 2126 1600 9067 7086 5972 4136 8646 5584 7321 7044 1649 9376 3926 6258 1343 8994 2962 2240 5715
423 4333 3249 9791 1600 3501 694 1319 9067 6076 8460 3211 4558 9885 2491 2858 6611
137 7437 3249 9791 3501 694 1319 9067 8460 7086 4136 5584 2491 6611 6258 1343 2962 2240 5715 427
233 2574 9791 1600 3501 1319 8460 3211 7086 5972 4136 1590 4558 2858 5880
426 6252 3249 9791 1600 3501 694 8460 3211 7086 4136 7321 2491 2858 7044 6258 2962 5715 427
138 3014 3249 9791 1600 3501 694 9067 8460 3211 7086 4558 7321 2858 6258 5880 2962
428 2426 3249 9791 1600 3501 694 1319 9067 6076 8460 3211 7086 4558 2491 6258 8994
429 1045 3249 9791 1600 3501 694 1319 6076 7086 5972 4136 9885 2858 6258 8994 2962 2240 3074
430 8383 3249 1600 1319 9067 8460 3211 7086 4136 7480 4558 9885 7321 2491 6258 1343 4326 8994
139 9518 3249 9791 1600 3501 694 1319 9067 6076 7086 5972 4558 7321 2491 6258 847 5880 8994 2962 5715 427
432 6793 3249 9791 1600 3501 694 9067 6076 8460 3211 4558 2491 2858 6258 847 8994 2962
433 5407 3249 9791 1600 3501 694 1319 6076 7086 5972 4136 4558 9885 7321 6258 8994 2962
236 9554 3249 9791 1600 3501 694 9067 8460 7086 5972 4558 6258 847 5880 8994
435 3788 3249 9791 1600 3501 694 1319 9067 6076 7086 4558 9885 2858 7044 6611 6258 8994 2962 3074 2240
237 4044 3249 9791 1600 694 1319 9067 3211 7086 5972 4558 9885 2491 2858 7044 6258 8994
238 4222 3249 9791 1600 3501 9067 3211 7086 4136 4558 9885 5584 4225 7044 6258 5880 1343
30 1234 3249 9791 1600 3501 1319 6076 7086 4136 1590 4558 5584 7321 9376 8831 3723 2962 5715
141 8744 3249 9791 1600 3501 694 9067 7086 4136 7480 4558 7321 2491 2858 6258 2962 2240 5715 79
54 2162 3249 9791 1600 3501 694 1319 8460 3211 7086 5972 4558 9885 7044 6258 847 5880 2013 4326 8994 2962 5715 3074 427
441 4089 3249 9791 1600 3501 694 9067 8460 3211 7086 7480 4558 8994 2962 5715 2240
143 1908 3249 9791 1600 3501 694 1319 9067 7086 4136 4558 7321 2491 7044 6611 6258 5880 2962 2240 5715 3074
144 451 3249 9791 1600 3501 694 9067 6076 8460 3211 4558 9885 2491 6611 6258 847 8994 2962 5715
244 1401 1600 3501 694 1319 9067 6076 3211 7086 5972 4558 2491 2858 8994 2962
445 7773 9791 1600 3501 694 9067 6076 7086 5972 4558 2491 2858 6611 6258 2962
446 6826 3249 9791 1600 3501 694 9067 6076 3211 9885 2491 6611 6258 5880 8994 2962 5715 3074
17 2549 3249 1600 3501 694 9067 6076 7086 4136 1590 4558 2858 8994 2962 5715 427
448 8602 9791 1600 3501 1319 6076 7086 5972 4136 1590 2491 2858 6258 847 8994 2962 2240 5715 427
246 5475 3249 9791 1600 3501 694 1319 9067 6076 3211 4558 2491 7044 6258 847 5880 4326
89 6054 3249 9791 1600 3501 694 9067 8460 7086 4136 1590 4558 7321 2491 6258 5880 2013 2962
248 4683 3249 9791 1600 3501 694 9067 6076 8460 7086 2491 2858 6258 847 5880 1343 8994
452 4558 3249 1600 3501 694 9067 8460 7086 4136 9885 8646 5584 7321 6258 5880 2013 4326 4985 8994 2962 1668
249 2910 3249 1600 3501 1319 3211 7086 4136 1590 7480 4558 8646 5584 2491 2858 7044 9376 6258 5880 1343 2013 4326 4985
147 3520 3249 9791 1600 3501 694 9067 6076 8460 7086 4136 7321 6258 1343 2013 8994 2962
90 2340 3249 9791 3501 694 9067 3211 7086 5972 4136 7480 4558 2491 7044 6258 5880 2962 2240
456 7042 9791 1600 3501 694 9067 8460 7086 4136 4558 8646 6258 847 5880 2962 5715 3074 2240
252 2157 3249 9791 1600 3501 9067 5972 4136 1590 4558 9885 2491 6258 847 5880 8994 2962
458 3324 3249 9791 1600 3501 7086 4136 4558 9885 5584 7321 7510 2491 2858 7044 1649 6258 847 5880 2962 5715
459 6563 3249 9791 1600 9067 6076 8460 3211 7086 5972 4558 2491 6258 8994
149 9676 9791 1600 3501 694 1319 9067 6076 7086 4136 4558 2491 5880
461 3131 3249 9791 1600 3501 1319 9067 6076 7086 5972 4558 9885 6258 1343
462 2131 3249 1600 3501 9067 6076 7086 4136 1590 7480 4558 6611 8994 2962 5715 427
463 4543 3249 1600 3501 694 9067 6076 8460 7086 9885 7321 2491 7044 6611 6258 5880 8994 2962 5715 2240
464 2203 9791 1600 3501 1319 8460 7086 5972 4136 1590 4558 9885 8646 2858 7044 6258 2013 2962
465 5521 3249 9791 1600 3501 694 1319 9067 6076 8460 7086 4558 2491 2858 7044
254 2601 1600 3501 694 9067 8460 7086 4136 7480 4558 9885 5584 7321 2858 6611 6258 8994 2962 2240 5715
150 5282 3249 9791 1600 3501 694 9067 6076 8460 7086 4558 7321 5880 2013 2962
468 5138 3501 694 1319 6076 8460 3211 7086 5972 4136 7480 4558 2491 6258 5880 2013
469 2119 3249 1600 3501 694 9067 8460 7086 4136 1590 6258 2962
91 358 3249 9791 1600 3501 9067 8460 3211 7086 5972 4136 4558 2491 6258 8994
257 6489 3249 9791 3501 694 6076 8460 7086 4136 4558 9885 8646 7321 2491 7044 1649 6611 6258 2962 2240 3074 79
472 8287 3249 9791 1600 3501 694 9067 6076 3211 7086 7480 4558 2491 6258 4326 2962
152 9858 3249 9791 1600 3501 694 1319 9067 6076 8460 7086 7480 2491 7044
489 7904 3249 1600 3501 694 9067 6076 8460 7086 5972 4558 2491 2858 7044 9376 6258
475 6076 1600 3501 694 9067 8460 7086 5972 4136 6258 5880
259 1583 3249 9791 1600 3501 9067 3211 7086 4136 1590 4558 8646 2491 2858 1343 8994 2962 5715 2240
477 8501 3249 9791 1600 3501 694 1319 9067 6076 7086 7480 4558 2491 6258 5880 8994 2962 5715 427 2240
478 5677 3249 1600 3501 694 9067 8460 7086 4136 1590 7480 4558 9885 2962 2240 5715 427
479 9824 3249 1600 3501 694 6076 8460 7086 4136 1590 6258 1343 8994 2962 2240 5715
260 9835 3249 9791 3501 694 9067 6076 7086 4136 9885 8646 7321 2491 6258 5880 2962 2240 3074 5715 79
261 1865 3249 9791 1600 3501 694 6076 8460 3211 7086 4136 4558 2491 2962 2240 5715 3074
262 1357 3249 9791 1600 3501 694 1319 9067 6076 7086 4558 9885 2491 7044 6258 5880 8994 2962 5715 427
56 1554 3249 9791 1600 3501 694 9067 8460 7086 4136 1590 9885 2858 6258 8994 2962 5715
154 1066 3249 9791 1600 3501 694 9067 6076 8460 3211 4136 4558 6258 5880 1343 2962 5715 3074 427
485 1628 3249 9791 1600 3501 694 9067 6076 8460 3211 7086 4558 7321 6258 8994 2962 3074
265 9811 3249 9791 1600 3501 694 9067 7086 5972 4136 2858 6258 8994 2962 427
487 2224 3249 9791 1600 3501 9067 6076 7086 4136 7480 2491 6258 847 5880 2013 4326
488 137 9791 1600 3501 694 9067 3211 7086 4136 7480 2491 6258 5880 4326
250 5486 3249 9791 1600 3501 9067 6076 7086 4136 4558 5584 2491 2858 847 1343 2013 2962
474 5635 3249 9791 1600 3501 694 9067 8460 3211 7086 7480 4558 2858 6258 1343 2962
427 2500 3249 1600 3501 694 9067 8460 3211 7086 4136 6258 5880 2013 4326 2962 2327
391 3875 3249 9791 1600 3501 694 1319 6076 8460 7086 4136 1590 4558 9885 6258 847 5880 2962 427
375 7308 3249 9791 1600 3501 694 9067 6076 7086 4136 9885 6258 2962
443 6633 3249 9791 1600 3501 9067 7086 4136 1590 7480 4558 5584 2491 6258 1343 4326 2962
215 3349 3249 9791 1600 3501 694 9067 8460 7086 4136 7480 4558 2491 2858 847 2962 5715 2240
178 4819 9791 1600 3501 694 9067 3211 7086 4136 4558 7321 2491 2858 7044 6258 2962
59 2796 3249 9791 1600 3501 694 9067 6076 8460 3211 4558 9885 6258 2013 2962
14 4411 9791 1600 694 1319 9067 8460 7086 5972 4136 4558 9885 2491 6258 4326 5715
331 5931 3249 9791 1600 3501 694 9067 6076 8460 7086 4558 2491 2858 6258 5880 8994 2962
