10
50 936 3223 7048 1176 867 3614 7313 5112 4264 9937 3730 7879 897 3074 4869 6375 8302 6640 8542 1963 9926 5123 4090 1826 520 6522 6060 9734 9028 2501 7052 7995 8922 6186 860 3961 2205 2518 1891 4229 334 6286 6562 4960 713 6653 7663 1749 8168 8948 6260 7418 2562 1614 2225 346 4106 9730 8769 3392 6364 2422 2536 2769 8871 6721 1553 3471 8609 1238 4134 7766 4387 5117 2946 9540 1034 3258 5348 7608 3945 3733 1534 2145 1431 5910 6340 388 8178 4417 9270 1730 7618 7710 5923 6389 2375 8934 43 7247 525 7605 9070 4805 2566 3812 1427 2245 8567 6113
0 7863 3564 9748 5309 6548 3109 2961 4320 7267 3752 221 2134 2601 974 3892 8627 7494 44 4271 2836 3858 6734 404 4967 5425 5440 4551 1616 631 6493 8595 8894 785 4742 3463 6591 1825 5720 6597 7655 8654 2334 1711 6915 7198 4826 9246 7887 9511 1623 3433 9972 2795 5980 9843 1676 725 1786 8488 4153 5754 5508 5998 4943 7977 2962 1304 8009 2701 440 5055 1070 7790 4987 5689 2506 1496 687 7798 1845 3503 444 8679 3278 2085 56 6629 8875 5286 4249 5160 6777 2595 3050 4906 3474 8476 6014 5532 5601 6410 9658 6618 6613
2 3473 6962 1688 9853 2641 8621 558 3915 7924 1655 9844 2045 7101 5388 4035 8599 5187 2174 7560 8252 2121 5259 2326 1693 5270 5450 4658 7915 4560 4761 1752 3250 1014 3458 9051 639 5455 6227 2149 8535 8047 4557 6675 9617 6420 9302 9463 4809 9962 2765 7135 746 7633 1455 5750 8260 3526 8828 5698 1297 8597 3201 6397 8434 1704 7014 3621 6845 5600 3496 1054 739 5493 148 5301 3406 1447 6593 1804 3609 8449 5279 1401 9449 1554 6778 7104 340 4972 7297 5411 2001 2651 2195 8090 6197 8674 9189 9430 6118 3727 5489 2289
3 7387 1671 7034 1985 5941 7473 6983 9232 9943 4732 4295 2362 6964 593 3293 1271 1759 7611 1200 2978 4883 6516 1291 7686 9608 3732 2630 1766 5746 8822 5837 3598 8803 3657 1747 1314 6264 3321 8197 6351 8311 1697 2988 7963 2818 111 7253 3728 5412 3997 5912 9977 4724 78 7449 7233 4224 7832 8823 4003 1324 375 642 8437 4912 3857 5654 1243 5073 6000 5743 8069 9595 328 4018 753 1335 3953 5920 4296 5151 8159 3938 214 607 5810 4087 9520 1971 9278 7667 8636 6382
4 2260 7910 946 9339 7891 8605 6631 9426 6931 2237 5829 3105 319 7567 3426 8125 9636 57 3842 5363 5943 8073 4529 1960 4340 8798 8222 8255 2921 1064 6890 3346 5729 3327 4703 2677 5653 2743 2515 1307 3150 1379 2718 500 1939 3922 2336 3122 8313 7629 4863 4744 2631 3370 4354 4969 3221 3236 3379 2106 4687 1608 6696 3167 8563 3966 6572 8314 9917 6530 3042 1984 3788 712 8765 1286 807 4095 9414 316 5362 5651 5661 8776 5631 3502 9127 5108 9674 7760 6871 9277 6532 1980 8581 8761 1050 3692 944 1183 5781 7069 6951 5936 7848 6008 7967
5 5650 7849 8614 1088 2348 7407 6243 1476 480 1475 1872 7573 1638 317 6992 5243 1506 6367 9383 4979 8586 3691 3060 3554 1470 6155 3612 1371 4086 3350 8177 8657 6224 5098 742 161 9079 6790 7757 2897 3424 422 8821 4273 6596 6920 1756 497 7365 7223 8032 2919 3090 733 3171 8364 1736 1237 5327 3935 5662 7122 950 3866 2654 3561 378 4942 1493 7083 6193 7191 2624 8931 96 8065 9656 4037 5287 5042 7277 7597 7925 9129 7395 1727 1432 3748 5430 7444 6553 6917 7167 8341 1590 4189 9166 2740 6006 3916 7477 5350
6 7286 3354 7534 847 3272 5705 9461 7550 8633 3255 5559 7131 7272 3427 2933 9032 4907 5027 2025 7651 6639 1660 1931 9123 1999 3982 368 6959 8576 8226 2325 8113 131 3654 8175 9585 1951 6986 510 5574 5854 1535 508 6209 4339 4833 4981 5065 2950 7590 3025 1519 9611 854 6383 7453 9174 8737 6609 139 4326 8942 289 1898 5932 9847 5095 738 7717 685 2430 7246 721 4043 2481 1160 874 166 6518 8024 9047 688 6710 3829 8188 51 6117 7661 6220 2716 133 7237 5960 6974 7570 2721 4614 9402 2977 609 907 705 9491 647 3487 22 9744
7 4828 4947 4063 2327 2686 7300 8518 2703 3641 6520 1516 1164 3181 2522 2304 4993 2981 7077 641 8242 5030 679 885 5938 7594 7843 5334 624 5077 81 4655 3139 4640 6105 7930 3798 7896 5499 9982 1859 8748 8796 9210 1478 3891 2051 580 467 1512 8731 6539 9404 2837 1743 4537 2964 2491 6529 1888 3739 3082 7694 8646 5283 9029 8183 2546 7430 2983 7073 9764 7648 7870 519 4583 6459 4029 5429 4334 2782 8179 6655 3252 7587 3864 6744 6089 5755 7623 1480 6018 6478 4495 8690 3651 9279 4806 8012 8298 6504
8 8582 3078 9547 3319 876 9144 2554 1974 4366 4222 1302 5586 8334 8998 7464 2300 2389 3947 6782 8243 613 2687 5836 8523 6867 8142 8842 9387 6900 5842 3962 3643 8084 6937 3850 7997 9787 7748 5728 6800 1921 6056 8368 4093 838 5194 3222 9 2455 8790 8879 1450 307 8462 4051 5697 4693 1422 7088 4911 7630 967 3709 7973 8190 9483 5445 9392 5399 4107 6109 783 312 9650 3281 4204 1894 6416 2937 9361 8687 2966 2807 8269 9770 3075 1019 1244 3634 868 4881 1333 5332 1290 6669 1305 955
9 6307 1024 4016 9539 9015 9693 3944 5968 2191 9700 6841 7520 9697 8833 1009 2448 7495 4861 3774 1875 9138 926 2184 3511 8592 2317 6271 9422 7506 4964 7285 4677 4487 5800 5540 1587 2560 1658 6291 8164 66 3257 9761 3313 9912 125
