100
7 0 1 2 3 4 5 7 6 8 17 10 12 14 9 11 16 15 21 22 13 37 18 23 19 25 46 20 27 28 39 29 47 53 40 35 1610
3 0 1 2 3 4 6 5 7 9 8 12 11 20 14 18 15 16 17 10 13 21 32 24 31 33 29 26 27 41 30 38 76 50 19 155 1671
5 0 1 2 3 4 5 6 7 9 8 12 15 10 17 14 31 16 13 11 18 56 20 28 19 23 37 25 36 34 29 24 21 26 40 30 155
2 0 1 2 3 4 9 6 8 5 17 10 11 7 16 36 24 13 23 12 15 27 14 34 29 103 38 28 65 320 44 33 637 110 53 20 70 22 63 252 69
4 0 1 2 3 5 4 7 6 15 10 14 26 9 12 25 19 16 36 24 8 13 17 28 11 18 129 50 20 38 31 144 29 57 21 37 65 1679 3975 1502
0 0 1 2 3 4 6 7 5 9 8 11 16 10 17 18 12 22 15 25 20 13 281 14 34 27 24 49 38 39 186 61 35 152 138 709 176 9517
1 0 1 2 3 4 6 8 5 12 7 15 10 11 9 17 16 14 23 13 26 18 25 22 54 20 36 34 55 19 21 46 70 41 24 114 28 138 709 3198 1290
14 0 1 2 3 5 6 8 10 4 9 7 17 18 19 45 24 15 20 58 25 30 38 35 14 178 12 32 53 1007 89 34 33 74 138 148 6604 909 2153
28 0 1 2 4 19 3 5 9 7 20 10 8 14 11 12 17 30 16 44 15 38 13 32 63 6 93 234 18 478 31 35 60 27 23 57 81 444 69 5921
25 0 1 2 3 4 5 6 8 7 9 12 10 14 20 11 23 17 15 22 18 24 21 48 33 19 64 13 16 82 26 39 31 44 37 138 176 1482 2264
20 0 1 2 3 4 5 6 7 8 11 9 10 12 17 14 27 15 26 16 30 13 22 36 25 35 49 24 33 20 80 18 61 41 50 5526 120 1290 2591 4171
6 0 1 2 3 5 4 6 7 10 8 9 13 11 16 12 29 19 14 17 24 20 18 15 25 56 28 30 39 21 45 40 32 23 35 61 22 859 3244 3097
13 0 1 2 3 5 4 7 6 8 11 12 17 9 18 15 19 20 53 21 37 10 49 14 35 13 33 55 58 50 34 23 24 46 44 57 2264
91 0 1 2 3 5 4 6 7 8 15 11 14 17 13 12 9 16 25 30 48 34 29 33 35 22 41 20 28 55 93 52 40 38 27 78 37 3244 1671
51 0 1 2 3 4 5 6 7 11 10 12 8 9 13 14 45 18 21 17 24 35 15 22 28 20 64 16 26 27 117 33 30 41 34 143 78 725 977
11 0 1 2 6 4 3 8 12 5 15 10 11 9 23 13 25 54 26 55 21 46 70 24 22 14 114 17 7 18 19 91 246 180 16 243 138 1495 3975 1671
35 0 1 2 3 5 4 7 8 6 12 11 14 9 17 13 28 10 23 20 19 29 16 25 37 15 52 27 97 55 61 22 137 42 49 39 60 21 138
10 0 1 2 3 4 5 13 6 9 10 7 12 25 18 31 19 15 16 14 20 11 26 28 17 8 27 36 33 23 24 42 22 81 35 371 152 332 2848
59 0 1 2 4 3 5 6 10 7 11 9 13 19 8 16 12 42 15 27 39 18 35 26 52 14 56 125 28 22 31 17 21 55 65 80 34 23 2060 554
16 0 1 2 3 4 6 5 8 12 14 7 11 9 10 15 21 16 13 19 29 17 20 22 170 24 30 38 25 36 31 51 130 27 50 63 621 1315
88 0 1 2 3 4 5 6 8 7 17 9 10 12 14 11 15 21 16 25 13 30 45 23 19 27 28 39 22 68 47 35 33 41 24 54 120 1384
39 0 1 2 5 3 4 7 8 12 6 11 17 22 9 10 13 19 39 18 15 16 25 23 79 46 70 108 44 36 30 38 99 14 155 69 1954 583 1671 5921
52 0 1 2 4 6 5 7 3 10 15 18 13 8 34 9 20 32 23 12 22 25 51 14 19 28 47 37 61 27 62 64 39 24 16 78 63 1954 1502 7055
48 0 1 2 3 6 5 4 8 7 10 9 15 13 12 18 11 19 22 17 24 14 16 23 28 20 34 45 75 30 21 33 47 43 58 37 138 3684
62 0 1 2 4 3 5 6 8 7 14 9 12 11 17 16 13 10 15 56 28 45 31 69 27 23 35 19 22 68 33 26 21 24 53 37 54 112 55 155 197 120 138
77 0 1 2 4 3 6 7 5 12 11 9 20 14 18 17 10 15 21 33 26 31 76 16 13 60 8 19 25 22 58 59 28 75 554
69 0 1 2 4 3 6 7 5 8 9 12 14 13 11 25 16 18 17 15 20 26 43 58 10 24 38 28 19 32 77 72 83 171 34 27 69 708 2177 873 1671
9 0 1 2 3 5 4 6 10 7 9 8 11 13 20 12 14 19 18 15 24 23 21 28 16 32 17 26 22 33 34 75 46 52 62 176 6729
18 0 1 2 3 4 9 5 7 6 10 17 8 15 19 31 18 33 14 42 11 35 29 40 21 26 24 59 20 108 109 384 28 708
71 0 1 2 5 3 4 7 9 6 20 10 8 26 11 15 36 16 22 19 18 17 21 34 62 131 12 110 29 27 13 268 68 84 48 38 30 44 451 28 404 2591
17 0 1 2 3 4 5 17 6 8 11 10 13 12 9 7 16 23 19 18 20 24 15 28 111 38 222 418 87 31 128 30 110 50 1951 948
85 0 1 2 3 4 5 13 6 9 10 7 12 25 18 31 19 15 16 14 20 11 26 28 17 8 27 36 33 23 24 42 22 81 35 371 152 332 2848
27 0 1 2 3 4 9 6 8 5 17 10 11 7 16 36 24 13 23 12 15 27 14 34 29 103 38 28 65 320 44 33 637 110 53 20 70 22 63 252 69
50 0 1 2 3 5 4 6 7 8 12 10 15 9 19 11 17 16 13 24 25 22 56 21 23 28 48 39 18 34 31 14 54 42 37 27 155 138 164 69
94 0 1 2 3 6 5 4 10 7 11 9 8 13 23 12 14 15 16 22 21 28 20 37 47 19 83 75 54 31 32 18 33 44 43 102 69 121 554 5921 3244
34 0 1 2 4 3 5 7 6 8 10 9 14 11 19 17 16 24 12 18 34 15 27 32 54 30 52 45 25 21 20 39 22 40 13 63 155 69 138 6604 554 1290 968
74 0 1 2 3 4 5 6 8 9 7 14 10 12 13 16 11 15 24 28 23 21 18 22 19 20 39 32 17 48 77 54 75 57 29 62 176 138 2848 1495 3097
12 0 1 2 3 5 6 7 10 9 13 4 8 14 12 39 19 20 18 61 26 82 95 40 63 16 17 11 188 78 36 57 30 22 110 43 84 166 2177 138 867 3756 1502
15 0 1 4 2 3 6 7 11 8 5 9 12 13 14 18 34 10 20 84 45 17 66 25 16 29 22 87 19 41 15 36 107 51 38 28 193 389 138 968 3774 9365
21 0 1 2 3 6 4 5 7 8 9 12 13 10 15 11 16 19 21 17 14 22 20 28 23 18 25 34 39 77 54 33 30 47 27 69 155 2848
36 0 1 2 3 4 5 6 7 8 11 9 10 12 17 14 27 15 26 16 30 13 22 36 25 35 49 24 33 20 80 18 61 41 50 5526 120 1290 2591 4171
58 0 1 2 3 13 6 5 4 10 7 17 11 8 24 9 25 20 19 63 36 32 16 38 18 14 29 15 111 50 33 77 107 95 377 1290
78 0 1 2 3 5 4 7 6 8 11 12 17 9 18 15 19 20 53 21 37 10 49 14 35 13 33 55 58 50 34 23 24 46 44 57 3756 1502 2264
66 0 1 2 3 4 5 6 7 9 8 10 13 16 18 11 22 12 14 24 17 20 15 32 23 19 21 49 26 29 35 40 33 53 63 138 1671 3097
38 0 1 2 3 6 5 4 9 7 8 14 15 16 11 10 13 12 21 32 20 24 31 29 17 27 41 30 38 50 25 19 22 63 40 73 97 65 155 1671 138 3097
63 0 1 3 2 5 4 6 9 7 8 11 15 24 14 34 19 47 21 16 12 23 131 10 25 33 20 117 13 35 26 84 56 28 64 57 55 1290 3097
32 0 1 2 3 4 6 7 5 9 8 11 16 10 17 18 12 22 15 25 20 13 281 14 34 27 24 49 38 39 186 61 35 152 138 709 176 554 3975
73 0 1 2 3 4 9 6 8 5 17 10 11 7 16 36 24 13 23 12 15 27 14 34 29 103 38 28 65 320 44 33 637 110 53 20 70 22 63 252 69
23 0 1 2 3 5 4 7 6 8 11 12 17 9 18 15 19 20 53 21 37 10 49 14 35 13 33 55 58 50 34 23 24 46 44 57 3244
8 0 1 2 3 4 9 6 8 5 17 10 11 7 16 36 24 13 23 12 15 27 14 34 29 103 38 28 65 320 44 33 637 110 53 20 70 22 63 252 69
33 0 1 3 2 4 5 7 8 9 6 14 13 11 16 10 12 34 24 19 17 20 18 28 15 39 82 21 49 26 57 35 30 23 40 29 236 138 176
49 0 1 2 4 3 6 5 7 8 9 15 12 11 14 13 16 17 28 10 23 25 18 48 32 34 20 21 26 29 19 33 43 58 155 708 1671 3097
87 0 1 2 3 4 6 7 5 9 8 11 16 10 17 18 12 22 15 25 20 13 281 14 34 27 24 49 38 39 186 61 35 152 138 709 176 708 2848 3097
41 0 1 2 3 4 5 6 7 9 8 14 10 11 19 16 20 12 15 28 13 23 18 17 26 22 52 77 27 54 75 21 62 44 39 25 189 554 2848 138
43 0 1 2 3 4 6 5 8 12 7 9 17 15 10 11 16 13 23 28 25 18 14 54 19 26 55 77 21 46 22 70 20 24 31 114 27 37 65 199 2848
44 0 1 2 3 7 4 5 6 8 9 14 13 11 25 16 12 26 38 19 77 10 28 83 20 171 29 47 69 68 88 22 30 100 41 102 708 3831 1290
68 0 1 2 4 3 6 7 5 12 11 9 20 14 18 17 10 15 21 33 26 31 76 16 13 60 8 19 25 22 58 59 28 75 554 1502 7055 1310
64 0 1 2 4 3 6 8 5 7 12 9 15 10 11 13 24 23 17 25 21 33 14 16 27 18 54 26 28 32 55 20 46 70 30 58 62 114 19 126 1290 1671 1737
37 0 1 2 4 6 3 9 5 7 26 10 20 13 12 11 14 8 16 21 24 17 30 45 15 84 41 72 70 100 121 48 22 27 360 225 105 927 4525 1290 1737 3097
82 0 1 2 4 6 3 9 5 7 26 10 20 13 12 11 14 8 16 21 24 17 30 45 15 84 41 72 70 100 121 48 22 27 360 225 105 927 4525 1671 3244 3097
89 0 1 2 3 4 5 7 8 6 10 9 12 11 17 13 19 22 15 16 36 24 23 14 39 18 21 42 48 35 27 25 26 71 79
42 0 1 2 4 19 3 5 9 7 20 10 8 14 11 12 17 30 16 44 15 38 13 32 63 6 93 234 18 478 31 35 60 27 23 57 81 444 69 1290
26 0 1 2 3 5 6 4 7 8 12 17 15 10 9 11 14 21 13 24 26 23 22 25 27 19 54 16 39 18 55 36 34 46 70 155
61 0 1 2 4 6 3 9 5 7 26 10 20 13 12 11 14 8 16 21 24 17 30 45 15 84 41 72 70 100 121 48 22 27 360 225 105 927 4525 708
80 0 1 2 3 13 6 5 4 10 7 17 11 8 24 9 25 20 19 63 36 32 16 38 18 14 29 15 111 50 33 77 107 95 377 3244
40 0 1 2 3 4 5 6 7 9 15 8 11 12 25 34 23 28 16 30 10 97 14 18 37 32 20 47 13 54 24 86 452 51 107 27 1958 6698
53 0 1 2 4 6 3 9 5 7 26 10 20 13 12 11 14 8 16 21 24 17 30 45 15 84 41 72 70 100 121 48 22 27 360 225 105 927 4525 2060
46 0 1 2 3 4 5 13 6 9 10 7 12 25 18 31 19 15 16 14 20 11 26 28 17 8 27 36 33 23 24 42 22 81 35 371 152 332 2848
31 0 1 2 4 3 6 7 5 12 11 9 20 14 18 17 10 15 21 33 26 31 76 16 13 60 8 19 25 22 58 59 28 75 554 7624 3097
79 0 1 3 2 5 4 7 11 6 13 10 15 23 14 8 16 35 18 71 34 9 87 25 21 19 98 26 28 50 53 30 27 44 72 60 51 199 485 8978 9514 2848
98 0 1 2 3 4 6 5 11 7 9 8 15 10 13 16 12 26 17 14 25 18 48 34 32 23 20 28 21 29 19 33 30 41 97 27 155 1671 355 3097
56 0 1 2 3 4 5 7 6 10 8 9 12 11 14 13 17 24 19 18 15 16 21 22 25 20 30 45 40 32 35 39 29 27 33 155 69 1954
72 0 1 2 4 3 6 5 8 7 12 10 17 9 15 11 13 34 23 26 20 25 14 54 16 55 19 21 18 46 70 24 90 22 40 236 69 138
29 0 1 2 5 3 4 7 9 6 20 10 8 26 11 15 36 16 22 19 18 17 21 34 62 131 12 110 29 27 13 268 68 84 48 38 30 44 451 28 404 2153
19 0 1 2 3 4 5 6 7 11 10 8 17 13 15 9 23 12 14 22 19 34 37 18 28 20 16 32 47 82 21 27 54 25 30 29 91 102 69 859
57 0 1 2 3 5 4 7 6 19 9 8 20 11 13 15 10 14 12 24 26 17 25 21 16 18 36 30 32 44 22 27 28 46 33 53 176 120 138
60 0 1 2 3 4 5 9 6 10 16 8 15 11 28 13 23 18 14 7 19 12 77 54 21 27 83 24 22 65 29 17 50 85 37 132 26 156 199 1756 2848 5554 5985 4247 6729
47 0 1 2 3 5 4 7 6 10 8 9 13 29 15 17 11 14 12 26 22 23 37 39 18 25 19 16 20 24 21 61 36 48 27 38 28 82 138 5990 2264 1502 7055
92 0 1 2 3 4 6 7 5 11 8 9 17 15 12 14 16 10 13 18 33 57 22 21 45 20 28 25 23 24 35 26 32 27 31 19 41 30 126 3097
95 0 1 2 3 4 6 5 8 7 9 11 10 15 16 14 12 13 26 20 28 18 23 34 25 19 22 36 24 77 54 75 17 84 21 37 138 2848
30 0 1 2 3 4 5 19 13 8 9 6 7 12 14 20 10 17 16 25 15 24 11 18 56 28 21 31 30 32 44 22 29 26 46 62 27 37 63 176 197
93 0 1 2 3 4 5 6 7 8 17 11 10 15 12 9 21 13 18 14 27 16 26 23 25 19 20 39 30 47 53 22 24 37 36 28 35 1638 5526 138 1290
83 0 1 2 3 4 7 5 6 11 15 12 9 21 8 23 25 39 47 19 24 27 161 81 29 71 32 105 20 63 49 250 669 62 14 3244 3975 1671
99 0 1 2 3 5 4 6 7 8 9 15 12 10 14 11 21 18 26 17 22 13 16 34 25 19 39 23 24 36 20 45 47 38 27 155 2153
76 0 1 2 4 3 5 6 7 10 12 13 9 16 11 17 15 18 8 24 22 14 20 34 39 50 19 61 104 23 21 30 47 25 27 63 2060
75 0 1 2 3 4 5 6 7 8 11 10 14 13 23 12 15 9 26 22 37 16 21 18 25 19 17 20 24 47 69 36 27 31 35 54 33 155 2264
67 0 1 2 3 4 9 6 8 5 17 10 11 7 16 36 24 13 23 12 15 27 14 34 29 103 38 28 65 320 44 33 637 110 53 20 70 22 63 252 69
90 0 1 3 2 5 4 6 9 7 8 11 15 24 14 34 19 47 21 16 12 23 131 10 25 33 20 117 13 35 26 84 56 28 64 57 55 1290 3244
70 0 1 3 2 4 8 5 14 6 10 7 9 11 12 13 39 17 18 57 19 25 21 29 15 46 73 56 43 47 16 76 41 28 1917 1954 2848 3097 708
65 0 1 2 4 3 6 5 19 7 8 11 10 9 13 20 23 15 12 17 14 26 21 34 25 30 16 18 24 47 44 36 33 54 28 280 69 1954
86 0 1 2 4 6 3 9 5 7 26 10 20 13 12 11 14 8 16 21 24 17 30 45 15 84 41 72 70 100 121 48 22 27 360 225 105 927 4525 708
24 0 1 2 3 4 5 6 7 8 10 12 15 9 11 13 24 19 31 14 17 22 16 20 23 37 18 28 45 36 48 40 35 39 34 82 155 69 1954
97 0 1 2 4 6 3 9 5 7 26 10 20 13 12 11 14 8 16 21 24 17 30 45 15 84 41 72 70 100 121 48 22 27 360 225 105 927 4525 1263 1737
55 0 1 2 4 6 3 9 5 7 26 10 20 13 12 11 14 8 16 21 24 17 30 45 15 84 41 72 70 100 121 48 22 27 360 225 105 927 4525 708
45 0 1 2 5 3 4 7 8 12 6 11 17 22 9 10 13 19 39 18 15 16 25 23 79 46 70 108 44 36 30 38 99 14 155 69 1954 583 6729 5921
96 0 1 2 3 4 5 6 8 10 7 9 13 17 15 29 12 11 34 20 26 16 21 23 36 14 28 19 22 33 18 38 90 37 65 24 88 280 236 27 653 138 2818 554
81 0 1 2 4 3 7 9 6 8 5 12 15 45 10 17 27 13 22 19 14 68 16 21 11 54 51 26 38 42 25 24 144 100 95 120 69 1583 1671
54 0 1 2 5 4 3 19 6 8 9 7 10 20 13 16 18 15 14 11 26 12 28 23 39 36 17 30 22 24 21 44 61 48 77 54 62 82 27 138 176 2848
22 0 1 2 3 4 9 6 8 5 17 10 11 7 16 36 24 13 23 12 15 27 14 34 29 103 38 28 65 320 44 33 637 110 53 20 70 22 63 252 69
84 0 1 2 3 4 5 6 7 9 12 15 10 8 13 11 16 19 20 14 31 18 24 22 17 23 37 33 36 29 28 21 26 54 34 27 35 621
